spawns:
  default:
    world: 4d530142-f3f4-414e-9853-fded7966017c
    world-name: world
    x: 21.94986645447217
    y: 66.0
    z: 243.19639033490353
    yaw: 65.39471435546875
    pitch: -4.049742221832275
